archivo,A,a,b,N,r2,i_ab
PF00005_rangos.dat,1.100885,0.609533,0.164280,29,0.960754
PF00006_rangos.dat,2.500970,1.018258,0.069303,176,0.985772
PF00009_rangos.dat,2.352527,1.050059,-0.024161,101,0.941769
PF00012_rangos.dat,1.735445,0.867153,0.126774,62,0.950622
PF00013_rangos.dat,1.362197,0.803797,0.609343,83,0.937396
PF00017_rangos.dat,1.036499,0.518027,0.024391,30,0.949040
PF00023_rangos.dat,1.173376,0.773264,0.595146,41,0.908916
PF00025_rangos.dat,1.166811,0.674481,-0.123452,19,0.897484
PF00026_rangos.dat,1.015481,0.729414,0.048048,11,0.911842
PF00027_rangos.dat,1.792499,0.896184,-0.061327,48,0.961845
PF00035_rangos.dat,1.092559,0.590194,0.182319,32,0.961336
PF00036_rangos.dat,1.412521,0.863006,0.417530,41,0.931511
PF00042_rangos.dat,0.549301,0.276502,0.245406,18,0.873896
PF00043_rangos.dat,0.725308,0.889246,-0.520175,3,1.000000
PF00069_rangos.dat,1.455241,0.799813,-0.017493,32,0.913854
PF00070_rangos.dat,1.065853,0.551813,0.124795,37,0.923932
PF00071_rangos.dat,1.461808,0.732049,-0.041811,41,0.969933
PF00072_rangos.dat,1.379001,0.858798,-0.102274,19,0.885432
PF00076_rangos.dat,0.969463,0.508697,0.160914,33,0.938602
PF00078_rangos.dat,1.701533,0.854339,-0.002051,51,0.953189
PF00083_rangos.dat,1.365265,0.921278,-0.116065,15,0.948220
PF00085_rangos.dat,0.784749,0.340359,-0.091144,23,0.856593
PF00096_rangos.dat,0.779278,0.482087,0.573992,29,0.951190
PF00097_rangos.dat,0.431973,0.434982,0.565018,2,1.000000
PF00106_rangos.dat,0.962081,0.508257,0.077773,28,0.902360
PF00107_rangos.dat,1.418408,0.763203,-0.118933,28,0.961169
PF00108_rangos.dat,1.338600,0.683500,-0.085118,33,0.941741
PF00109_rangos.dat,1.274467,0.682001,0.197330,48,0.925314
PF00115_rangos.dat,0.926368,0.693620,0.325009,12,0.873671
PF00122_rangos.dat,1.363620,0.669811,0.095456,57,0.940359
PF00125_rangos.dat,1.438853,0.743893,-0.086486,34,0.933071
PF00132_rangos.dat,0.839268,0.470318,0.366213,33,0.933883
PF00134_rangos.dat,1.199006,0.772841,-0.055545,16,0.879750
PF00137_rangos.dat,1.193164,0.801577,0.179270,16,0.956666
PF00149_rangos.dat,2.356040,0.972658,-0.090980,121,0.978601
PF00150_rangos.dat,1.530951,0.935954,-0.018683,23,0.959945
PF00153_rangos.dat,1.373997,0.743397,0.229405,49,0.932653
PF00160_rangos.dat,1.448524,0.747523,0.035845,43,0.939999
PF00168_rangos.dat,1.604429,0.798934,0.321963,83,0.962102
PF00169_rangos.dat,1.297498,0.706760,0.264671,53,0.923962
PF00170_rangos.dat,0.657773,0.492856,-0.280344,5,0.891389
PF00171_rangos.dat,2.259288,0.988086,-0.039108,101,0.968441
PF00172_rangos.dat,0.642011,0.307941,0.040731,17,0.816732
PF00173_rangos.dat,1.394942,0.780369,-0.011580,29,0.941430
PF00176_rangos.dat,1.255705,0.675932,-0.036883,27,0.960308
PF00179_rangos.dat,0.943236,0.522872,0.159543,25,0.929582
PF00201_rangos.dat,1.304327,0.724968,-0.165238,22,0.947660
PF00202_rangos.dat,0.811840,0.566303,0.078539,10,0.830890
PF00205_rangos.dat,1.663882,0.802072,0.018725,59,0.965035
PF00226_rangos.dat,1.684845,0.931186,0.298144,51,0.959863
PF00237_rangos.dat,1.520941,0.844684,0.668200,104,0.968863
PF00240_rangos.dat,1.273173,0.708856,0.127784,32,0.963127
PF00249_rangos.dat,1.184633,0.652094,0.282605,41,0.961877
PF00258_rangos.dat,1.566749,0.915526,-0.135001,24,0.908799
PF00268_rangos.dat,2.422783,1.036110,-0.129954,98,0.977372
PF00270_rangos.dat,1.927434,0.877524,-0.002711,82,0.950803
PF00271_rangos.dat,2.306143,1.022855,0.066002,115,0.973479
PF00289_rangos.dat,0.762120,0.535792,0.253242,11,0.836793
PF00291_rangos.dat,2.262287,1.024175,-0.038126,87,0.979717
PF00294_rangos.dat,1.881471,0.909762,-0.165159,48,0.960331
PF00300_rangos.dat,2.266471,0.990649,0.149974,143,0.970212
PF00310_rangos.dat,1.666039,0.847483,-0.016772,46,0.947577
PF00318_rangos.dat,2.127748,1.018993,0.363655,138,0.964733
PF00320_rangos.dat,0.594541,0.300364,0.385699,25,0.932558
PF00324_rangos.dat,1.038702,0.649349,-0.178952,13,0.879126
PF00327_rangos.dat,1.910752,1.082362,0.518888,75,0.937753
PF00349_rangos.dat,2.249387,0.940603,0.093403,161,0.975548
PF00350_rangos.dat,1.259868,0.678946,0.248554,49,0.943615
PF00364_rangos.dat,0.977745,0.526022,0.085906,27,0.913480
PF00368_rangos.dat,2.530341,1.002746,-0.048491,167,0.977482
PF00370_rangos.dat,0.701328,0.441758,0.014503,9,0.921504
PF00382_rangos.dat,0.657773,0.492856,-0.280344,5,0.891389
PF00385_rangos.dat,1.370756,0.730066,0.170561,49,0.916523
PF00397_rangos.dat,0.949810,0.602652,0.607916,51,0.919345
PF00399_rangos.dat,0.405567,0.131484,0.366837,13,0.927238
PF00400_rangos.dat,0.806388,0.610094,0.820966,53,0.880663
PF00408_rangos.dat,1.028328,0.571122,0.137549,30,0.869503
PF00428_rangos.dat,0.866015,0.418862,0.167806,44,0.922409
PF00432_rangos.dat,1.280371,0.694525,-0.152667,14,0.962252
PF00439_rangos.dat,1.077757,0.606940,0.286768,43,0.899409
PF00443_rangos.dat,2.045116,0.928719,-0.038581,81,0.967153
PF00444_rangos.dat,1.134209,0.655250,0.355303,48,0.896957
PF00454_rangos.dat,1.309234,0.804546,0.010143,21,0.930000
PF00459_rangos.dat,1.157124,0.590053,0.115479,43,0.926438
PF00478_rangos.dat,2.740125,1.214094,0.306993,202,0.969376
PF00481_rangos.dat,1.541348,0.804905,-0.099034,35,0.909206
PF00501_rangos.dat,2.564458,1.039902,-0.109699,135,0.974942
PF00505_rangos.dat,0.750384,0.427270,0.271503,21,0.921028
PF00510_rangos.dat,0.301030,-0.000000,0.000000,3,-Inf
PF00514_rangos.dat,0.972470,0.556700,0.383525,35,0.956882
PF00515_rangos.dat,1.140968,0.702873,0.406813,36,0.900317
PF00533_rangos.dat,1.268364,0.698784,0.090145,32,0.958124
PF00534_rangos.dat,1.161965,0.688391,-0.067882,19,0.929658
PF00561_rangos.dat,1.070628,0.685082,0.101832,17,0.903307
PF00566_rangos.dat,0.904003,0.514796,0.214361,25,0.928860
PF00571_rangos.dat,1.441387,0.840748,0.590735,73,0.946558
PF00578_rangos.dat,1.503716,0.769307,0.046065,48,0.901950
PF00581_rangos.dat,1.481691,0.744122,0.115271,56,0.960176
PF00583_rangos.dat,1.996473,0.906397,-0.083809,73,0.943822
PF00587_rangos.dat,0.522434,0.287749,0.093141,7,0.857468
PF00610_rangos.dat,1.310857,0.660074,-0.089222,33,0.958331
PF00614_rangos.dat,0.519954,0.330559,-0.026522,5,0.771191
PF00615_rangos.dat,1.611083,0.941236,-0.126995,24,0.915841
PF00620_rangos.dat,1.640628,0.897804,-0.014984,36,0.926235
PF00624_rangos.dat,1.065308,0.661407,0.589448,32,0.955291
PF00628_rangos.dat,0.878830,0.569068,0.001325,12,0.893668
PF00632_rangos.dat,2.126726,0.980053,-0.106337,68,0.963512
PF00635_rangos.dat,0.960118,0.508658,0.235494,39,0.932431
PF00637_rangos.dat,1.026210,0.612828,0.194645,23,0.931195
PF00638_rangos.dat,0.811327,0.443884,0.179667,19,0.914020
PF00642_rangos.dat,0.861435,0.491440,0.040496,16,0.924073
PF00646_rangos.dat,1.763685,0.890547,0.196277,71,0.967090
PF00664_rangos.dat,0.863536,0.498971,0.112812,19,0.855244
PF00665_rangos.dat,1.615776,0.841811,0.023883,44,0.933087
PF00674_rangos.dat,0.932681,0.545966,0.031252,17,0.944520
PF00682_rangos.dat,0.734943,0.425098,0.001304,12,0.904543
PF00684_rangos.dat,0.795812,0.636731,0.999114,89,0.920598
PF00687_rangos.dat,2.233133,1.119934,0.509573,125,0.961931
PF00690_rangos.dat,1.373749,0.741005,0.170096,45,0.925757
PF00702_rangos.dat,2.278383,1.004069,-0.019319,100,0.972810
PF00710_rangos.dat,1.909720,0.917525,0.011732,68,0.954368
PF00735_rangos.dat,1.282780,0.714969,-0.011782,27,0.934184
PF00743_rangos.dat,1.004528,0.629493,-0.138331,13,0.900643
PF00753_rangos.dat,1.866945,0.923732,-0.029812,56,0.928417
PF00763_rangos.dat,2.304953,1.052742,0.338111,176,0.969748
PF00787_rangos.dat,1.198750,0.614684,0.157755,44,0.964434
PF00788_rangos.dat,1.280068,0.674501,-0.036447,30,0.955297
PF00806_rangos.dat,0.776444,-0.005670,0.228063,2,1.000000
PF00808_rangos.dat,1.094478,0.691136,-0.192668,13,0.920611
PF00854_rangos.dat,1.040817,0.729262,0.008984,12,0.892130
PF00875_rangos.dat,1.702165,0.859578,0.028407,54,0.915472
PF00899_rangos.dat,1.640887,0.823428,-0.064864,43,0.950128
PF00903_rangos.dat,1.245768,0.677409,0.031667,31,0.921110
PF00916_rangos.dat,0.690106,0.634716,-0.365284,4,0.947464
PF00917_rangos.dat,1.253013,0.644889,-0.100539,29,0.937576
PF00928_rangos.dat,1.274736,0.678508,0.224197,48,0.952803
PF00955_rangos.dat,1.667820,0.823331,-0.008938,53,0.927028
PF00956_rangos.dat,1.468672,0.700939,0.409288,111,0.981217
PF00961_rangos.dat,0.910886,0.842544,-0.479251,5,0.891389
PF00962_rangos.dat,0.591565,0.273813,0.179796,19,0.914686
PF00970_rangos.dat,1.306664,0.756900,-0.012064,24,0.961592
PF00995_rangos.dat,2.619551,1.107531,0.314321,268,0.978241
PF01018_rangos.dat,2.000794,1.097212,0.589903,110,0.922520
PF01021_rangos.dat,0.301030,-0.000000,0.000000,3,-Inf
PF01040_rangos.dat,2.440747,0.941097,-0.033808,191,0.984701
PF01053_rangos.dat,1.133121,0.722876,-0.021153,16,0.929159
PF01061_rangos.dat,0.851882,0.534086,0.105333,14,0.908513
PF01068_rangos.dat,1.247124,0.668204,0.053261,34,0.920421
PF01074_rangos.dat,1.252327,0.767117,-0.068424,19,0.829342
PF01086_rangos.dat,2.190274,1.115096,0.121833,69,0.958755
PF01088_rangos.dat,2.375419,1.001043,0.090554,160,0.975899
PF01096_rangos.dat,0.973120,0.574132,0.312585,32,0.899882
PF01118_rangos.dat,1.744026,0.838554,-0.055737,54,0.978370
PF01138_rangos.dat,1.754280,0.881678,0.176006,72,0.950951
PF01142_rangos.dat,1.831108,0.942518,0.280911,82,0.944760
PF01156_rangos.dat,2.715046,1.010873,0.051229,289,0.983665
PF01163_rangos.dat,1.086934,0.573314,0.112195,24,0.969180
PF01168_rangos.dat,2.463974,1.043087,-0.175537,96,0.973276
PF01172_rangos.dat,1.690104,0.849685,0.275191,71,0.978537
PF01174_rangos.dat,0.725308,0.889246,-0.520175,3,1.000000
PF01202_rangos.dat,1.646776,0.827870,0.059895,56,0.915876
PF01205_rangos.dat,2.281846,0.957785,0.101055,169,0.979878
PF01217_rangos.dat,0.287982,-0.043346,0.043346,2,NaN
PF01226_rangos.dat,2.190185,1.081921,-0.177438,50,0.963815
PF01239_rangos.dat,1.144543,0.759434,0.432243,27,0.908300
PF01253_rangos.dat,1.635641,0.921973,0.475810,76,0.907959
PF01263_rangos.dat,1.774532,0.859581,0.020584,63,0.949178
PF01274_rangos.dat,1.037658,0.593930,-0.117593,17,0.941262
PF01284_rangos.dat,0.819864,0.550548,-0.247093,8,0.922622
PF01336_rangos.dat,1.939138,0.944844,0.279040,105,0.959241
PF01344_rangos.dat,1.037547,0.616701,0.287722,24,0.946249
PF01348_rangos.dat,0.052843,-0.520175,0.889246,3,1.000000
PF01381_rangos.dat,1.295140,0.666859,0.133759,44,0.965048
PF01417_rangos.dat,1.436906,0.739338,-0.005127,40,0.937503
PF01422_rangos.dat,0.707640,0.594403,-0.022633,5,0.931288
PF01423_rangos.dat,1.066633,0.540329,0.168197,45,0.946580
PF01426_rangos.dat,1.336423,0.739885,-0.013705,29,0.917255
PF01434_rangos.dat,0.938420,0.514540,0.069245,23,0.921554
PF01465_rangos.dat,1.287468,0.719189,0.012613,28,0.929491
PF01479_rangos.dat,0.455720,0.223434,0.467757,37,0.934318
PF01485_rangos.dat,1.454699,0.763381,-0.027441,36,0.953029
PF01488_rangos.dat,0.948438,0.587027,0.006272,15,0.877428
PF01502_rangos.dat,1.840098,0.920906,0.291717,94,0.954841
PF01529_rangos.dat,0.955229,0.566966,0.022394,17,0.923612
PF01535_rangos.dat,0.659107,0.150499,0.649022,14,0.929404
PF01544_rangos.dat,1.630150,0.839200,-0.108813,38,0.918444
PF01569_rangos.dat,0.760541,0.407564,-0.018055,14,0.789648
PF01575_rangos.dat,0.948254,0.501708,-0.056576,20,0.937183
PF01585_rangos.dat,0.884671,0.461149,0.049723,23,0.939367
PF01595_rangos.dat,1.750611,1.032224,-0.116959,26,0.923272
PF01612_rangos.dat,0.751081,0.507087,-0.073562,8,0.900801
PF01633_rangos.dat,1.608257,0.856094,-0.016921,39,0.916264
PF01644_rangos.dat,2.081650,1.068935,-0.174515,42,0.942711
PF01687_rangos.dat,2.346696,1.006849,0.218954,200,0.972000
PF01693_rangos.dat,0.893017,0.514918,0.448508,51,0.928233
PF01699_rangos.dat,0.301030,-0.000000,0.000000,3,-Inf
PF01722_rangos.dat,1.784981,0.877123,0.249312,85,0.969734
PF01729_rangos.dat,0.909074,0.561035,-0.014296,13,0.906998
PF01746_rangos.dat,0.600017,0.294987,0.185219,11,0.914536
PF01764_rangos.dat,1.146754,0.741746,0.046441,17,0.898495
PF01779_rangos.dat,0.752970,0.374216,0.273658,31,0.959305
PF01781_rangos.dat,1.004839,0.645255,0.484263,35,0.895623
PF01794_rangos.dat,1.202124,1.500481,-0.589213,4,0.999329
PF01851_rangos.dat,0.622318,0.067296,0.254632,2,1.000000
PF01853_rangos.dat,1.868494,0.890631,0.089967,81,0.939309
PF01873_rangos.dat,1.534497,0.784998,0.286699,78,0.948415
PF01883_rangos.dat,1.283028,0.790031,-0.057074,19,0.931240
PF01910_rangos.dat,1.716041,0.875552,0.049865,50,0.950551
PF01966_rangos.dat,1.635628,0.797385,0.008419,56,0.943130
PF01968_rangos.dat,1.323072,0.846766,-0.105950,17,0.891970
PF01975_rangos.dat,2.480544,1.027731,0.175229,185,0.967101
PF02020_rangos.dat,1.947118,1.031929,0.270652,70,0.949285
PF02037_rangos.dat,1.019514,0.595048,0.419989,28,0.958493
PF02046_rangos.dat,0.986849,0.509822,0.141083,38,0.890550
PF02133_rangos.dat,0.301030,-0.000000,0.000000,4,-Inf
PF02137_rangos.dat,1.766557,0.837046,0.207338,98,0.963766
PF02146_rangos.dat,1.113419,0.762548,-0.087107,12,0.965685
PF02201_rangos.dat,1.572873,0.926474,0.484049,69,0.895787
PF02257_rangos.dat,1.424235,0.679552,-0.000491,52,0.952923
PF02260_rangos.dat,1.228689,0.643947,0.236924,54,0.939672
PF02358_rangos.dat,1.423815,0.777080,-0.148488,26,0.955567
PF02386_rangos.dat,0.850156,0.487291,-0.116265,13,0.931619
PF02463_rangos.dat,1.847131,0.873594,0.036838,70,0.964896
PF02518_rangos.dat,1.926806,0.948864,0.384722,124,0.965954
PF02535_rangos.dat,0.705811,0.368021,0.217905,26,0.886948
PF02544_rangos.dat,0.301030,-0.000000,0.000000,1,NaN
PF02574_rangos.dat,2.391918,0.929634,0.121721,260,0.982344
PF02582_rangos.dat,2.197969,0.922331,0.008249,129,0.978018
PF02585_rangos.dat,1.602637,0.872443,-0.064489,33,0.940743
PF02586_rangos.dat,2.152992,1.006062,0.338717,143,0.975209
PF02666_rangos.dat,1.802104,0.863263,0.068857,74,0.937031
PF02668_rangos.dat,2.222782,0.961391,-0.075780,98,0.972156
PF02733_rangos.dat,2.370853,0.991041,0.109988,173,0.979581
PF02749_rangos.dat,1.162904,0.571764,0.068907,44,0.936489
PF02765_rangos.dat,1.433899,0.797968,0.037408,31,0.972687
PF02775_rangos.dat,2.201051,1.036187,-0.133922,63,0.968224
PF02776_rangos.dat,1.507310,0.826804,-0.102089,29,0.957055
PF02777_rangos.dat,2.176362,0.970534,0.088757,120,0.968518
PF02780_rangos.dat,1.331879,0.772809,0.130056,31,0.920485
PF02782_rangos.dat,0.879878,0.572312,0.132687,14,0.877724
PF02784_rangos.dat,0.690816,0.470706,-0.089815,7,0.904760
PF02786_rangos.dat,0.592631,0.291651,0.056092,12,0.810900
PF02791_rangos.dat,1.040159,0.903747,-0.089005,7,0.909516
PF02799_rangos.dat,2.140439,0.979070,0.041069,96,0.944522
PF02845_rangos.dat,1.535957,0.862519,-0.213931,24,0.956381
PF02854_rangos.dat,1.372017,0.775157,0.012059,28,0.955228
PF02862_rangos.dat,1.968508,0.939387,0.174756,105,0.915658
PF02889_rangos.dat,2.025462,0.945807,-0.039976,71,0.968833
PF02891_rangos.dat,0.950666,0.628527,-0.228410,10,0.930664
PF02893_rangos.dat,0.516270,0.242403,0.130032,12,0.835734
PF02906_rangos.dat,2.077866,0.915097,-0.028711,93,0.972663
PF02910_rangos.dat,1.890362,1.073802,0.594081,104,0.904432
PF02933_rangos.dat,1.071319,0.540142,0.158031,43,0.947147
PF02935_rangos.dat,0.816679,0.383371,0.129487,40,0.905701
PF02936_rangos.dat,1.190896,0.602215,0.227309,59,0.947005
PF02940_rangos.dat,1.076865,0.528638,0.094003,40,0.956970
PF02969_rangos.dat,0.301030,-0.000000,0.000000,4,-Inf
PF02985_rangos.dat,0.815527,0.518503,0.342673,18,0.924196
PF02996_rangos.dat,0.517098,0.265267,0.236536,11,0.835699
PF03009_rangos.dat,1.277320,0.708148,0.034210,30,0.917881
PF03062_rangos.dat,0.413526,0.208013,0.311741,5,0.860119
PF03070_rangos.dat,0.984260,0.665660,-0.227715,10,0.871240
PF03104_rangos.dat,1.250189,0.652663,0.031579,35,0.946881
PF03127_rangos.dat,1.657066,0.860664,-0.012929,43,0.950788
PF03129_rangos.dat,1.264146,0.636608,0.109042,49,0.938504
PF03130_rangos.dat,0.690594,0.314445,0.433067,16,0.958318
PF03143_rangos.dat,1.058745,0.522451,0.173032,43,0.964788
PF03144_rangos.dat,1.228622,0.659129,0.363731,58,0.953060
PF03153_rangos.dat,1.270526,0.683488,0.388366,80,0.923393
PF03161_rangos.dat,0.903893,0.599373,0.230924,15,0.913626
PF03178_rangos.dat,2.018034,0.982576,-0.091559,56,0.957318
PF03198_rangos.dat,0.715136,0.446531,0.134252,11,0.908885
PF03311_rangos.dat,0.811708,0.647891,-0.257479,6,0.948369
PF03358_rangos.dat,2.038400,0.927361,-0.122385,68,0.962290
PF03372_rangos.dat,2.259364,0.978493,0.123339,143,0.979457
PF03381_rangos.dat,2.293182,0.984887,0.158084,178,0.954575
PF03441_rangos.dat,2.666866,1.052280,-0.116925,154,0.980003
PF03452_rangos.dat,2.176845,0.996737,0.022131,89,0.972730
PF03464_rangos.dat,0.889947,0.444486,-0.120986,19,0.913869
PF03485_rangos.dat,1.804437,0.972916,-0.185856,32,0.954850
PF03647_rangos.dat,1.238345,0.858916,-0.022212,14,0.905621
PF03661_rangos.dat,0.703039,0.349297,-0.001784,16,0.879617
PF03732_rangos.dat,1.201975,0.757433,-0.145395,15,0.942758
PF03770_rangos.dat,1.650144,0.815521,0.188580,78,0.947555
PF03803_rangos.dat,0.301030,0.000000,-0.000000,6,-Inf
PF03810_rangos.dat,1.022122,0.600384,-0.155872,15,0.910976
PF03828_rangos.dat,1.014495,0.544504,0.057309,27,0.914328
PF03835_rangos.dat,1.237504,0.640995,0.040405,33,0.966344
PF03856_rangos.dat,2.171257,0.943020,-0.084815,91,0.971224
PF03874_rangos.dat,1.193854,0.629213,0.104140,37,0.949953
PF03900_rangos.dat,0.725308,0.889246,-0.520175,3,1.000000
PF03950_rangos.dat,1.428978,0.775268,0.345419,69,0.919426
PF03982_rangos.dat,0.969397,0.951484,-0.379714,5,0.983712
PF03983_rangos.dat,0.823763,0.416165,0.275772,32,0.937267
PF03998_rangos.dat,0.776397,0.499971,0.733122,79,0.946746
PF04003_rangos.dat,2.185774,1.054419,-0.136035,57,0.968347
PF04042_rangos.dat,0.798748,0.528404,0.249871,12,0.892341
PF04050_rangos.dat,0.923536,0.528088,0.599517,54,0.955923
PF04055_rangos.dat,2.490202,1.022635,0.016447,154,0.979138
PF04082_rangos.dat,1.421635,0.749285,0.038181,39,0.917567
PF04084_rangos.dat,2.212595,0.939302,-0.034138,114,0.973031
PF04113_rangos.dat,1.695022,0.792467,0.100460,80,0.969428
PF04117_rangos.dat,1.083758,0.750545,-0.035777,12,0.956515
PF04158_rangos.dat,0.895292,0.580083,0.585583,51,0.897082
PF04178_rangos.dat,0.811708,0.647891,-0.257479,6,0.948369
PF04191_rangos.dat,1.090510,0.624653,-0.154436,17,0.931273
PF04193_rangos.dat,0.353873,0.110754,0.520175,3,1.000000
PF04265_rangos.dat,1.597176,0.764529,0.059747,67,0.927410
PF04318_rangos.dat,0.287982,-0.043346,0.043346,2,NaN
PF04424_rangos.dat,1.213670,0.821763,-0.258569,12,0.927029
PF04427_rangos.dat,2.720128,1.207999,0.212284,161,0.967983
PF04428_rangos.dat,0.807598,0.457780,0.039119,16,0.881953
PF04446_rangos.dat,1.929295,0.935445,0.014259,64,0.973398
PF04488_rangos.dat,0.690106,0.634716,-0.365284,4,0.947464
PF04495_rangos.dat,0.955493,0.564378,-0.076103,15,0.905106
PF04568_rangos.dat,0.955493,0.564378,-0.076103,15,0.905106
PF04588_rangos.dat,1.474263,0.852429,-0.112214,24,0.961146
PF04614_rangos.dat,1.697831,0.849886,0.193043,73,0.960594
PF04627_rangos.dat,0.695966,0.324744,0.316595,41,0.958268
PF04652_rangos.dat,1.944935,0.914695,0.015193,73,0.966545
PF04658_rangos.dat,1.438494,0.763854,0.333532,76,0.934737
PF04760_rangos.dat,1.186448,0.650885,0.102121,32,0.941572
PF04769_rangos.dat,0.879253,0.973766,-0.286085,4,0.984655
PF04815_rangos.dat,2.514305,1.135348,-0.193028,75,0.958458
PF04825_rangos.dat,1.921205,0.977998,-0.022011,50,0.956970
PF04889_rangos.dat,0.948798,0.555785,0.681247,60,0.944245
PF04898_rangos.dat,2.728973,1.005189,-0.122304,209,0.978363
PF04900_rangos.dat,1.373522,0.761539,0.324901,61,0.905136
PF04950_rangos.dat,2.485749,1.160404,0.202589,122,0.964519
PF05001_rangos.dat,0.530983,0.238563,0.347322,13,0.958420
PF05002_rangos.dat,0.678630,0.363492,0.518657,51,0.959463
PF05022_rangos.dat,1.250017,0.633455,0.160676,51,0.939786
PF05032_rangos.dat,1.011395,0.589396,-0.046084,17,0.927353
PF05051_rangos.dat,0.783007,0.450418,0.424902,33,0.935294
PF05057_rangos.dat,0.630489,0.402990,-0.227200,6,0.840345
PF05063_rangos.dat,0.301030,-0.000000,0.000000,1,NaN
PF05132_rangos.dat,1.037707,0.585320,0.472730,83,0.928897
PF05148_rangos.dat,1.045559,0.910698,-0.513439,6,0.840345
PF05158_rangos.dat,1.050258,0.556228,0.054734,29,0.919854
PF05160_rangos.dat,0.620446,0.301233,0.489851,39,0.969494
PF05172_rangos.dat,0.287982,-0.043346,0.043346,2,NaN
PF05187_rangos.dat,1.086468,0.569915,0.118727,34,0.936168
PF05188_rangos.dat,0.301030,-0.000000,0.000000,1,NaN
PF05192_rangos.dat,2.333678,1.014010,0.348079,255,0.979254
PF05193_rangos.dat,1.840896,0.872325,-0.047867,60,0.979891
PF05433_rangos.dat,1.012993,0.609024,-0.106864,15,0.901011
PF05470_rangos.dat,0.658670,0.328577,0.221533,24,0.882181
PF05648_rangos.dat,1.224317,0.610935,0.017908,38,0.961788
PF05773_rangos.dat,1.503619,0.760463,0.019295,47,0.926645
PF05797_rangos.dat,0.372211,0.236458,0.348505,2,1.000000
PF05890_rangos.dat,1.829405,0.872458,0.237378,107,0.957759
PF05922_rangos.dat,1.080774,0.543544,0.086217,40,0.900636
PF05983_rangos.dat,1.979393,0.958144,0.026996,69,0.961484
PF06011_rangos.dat,2.377691,0.963407,-0.045363,145,0.973382
PF06017_rangos.dat,1.888423,0.914455,0.247337,91,0.965350
PF06246_rangos.dat,1.267689,0.662645,0.483502,75,0.956682
PF06422_rangos.dat,1.557143,0.782116,0.272608,80,0.959201
PF06427_rangos.dat,2.331605,0.969398,0.201804,220,0.978781
PF06464_rangos.dat,0.757085,0.383288,0.105200,19,0.938536
PF06470_rangos.dat,1.133887,0.544294,0.063847,47,0.941370
PF06687_rangos.dat,1.231346,0.709075,-0.128712,20,0.943586
PF06738_rangos.dat,2.041453,1.082906,-0.213653,36,0.952589
PF06745_rangos.dat,0.624967,0.310860,0.276400,27,0.921698
PF07500_rangos.dat,1.494139,0.848463,0.506405,85,0.932333
PF07521_rangos.dat,1.432371,0.816661,0.037026,29,0.954120
PF07524_rangos.dat,0.690106,0.634716,-0.365284,4,0.947464
PF07534_rangos.dat,1.539903,0.884915,-0.087881,26,0.968521
PF07542_rangos.dat,1.703947,0.797245,0.193445,101,0.958854
PF07543_rangos.dat,1.078075,0.561729,0.137307,34,0.953397
PF07557_rangos.dat,0.682937,0.366948,-0.013738,12,0.846646
PF07569_rangos.dat,1.535892,0.786033,0.025538,46,0.929656
PF07647_rangos.dat,0.887648,0.517476,0.030086,17,0.843978
PF07690_rangos.dat,1.746641,0.939371,-0.081655,36,0.957013
PF07691_rangos.dat,0.973938,0.629864,-0.038947,13,0.908883
PF07717_rangos.dat,1.428340,0.774052,-0.034051,32,0.909957
PF07719_rangos.dat,1.466815,0.832268,0.080122,32,0.961307
PF07727_rangos.dat,1.331670,0.792592,0.041027,24,0.954303
PF07728_rangos.dat,0.607465,0.351381,0.317319,14,0.919202
PF07766_rangos.dat,2.312585,1.033570,-0.005363,95,0.970810
PF07780_rangos.dat,1.410903,0.793135,0.466487,68,0.948577
PF07819_rangos.dat,1.176609,1.133959,-0.347244,6,0.842203
PF07915_rangos.dat,1.211667,0.613729,0.084500,45,0.888582
PF07973_rangos.dat,1.523972,0.764527,0.043190,48,0.976297
PF07992_rangos.dat,1.735784,0.852905,0.052866,62,0.942896
PF07993_rangos.dat,1.764400,0.887723,-0.015421,49,0.973212
PF08022_rangos.dat,1.209023,0.929865,-0.324624,9,0.909105
PF08029_rangos.dat,1.670423,0.816209,0.215235,85,0.947380
PF08068_rangos.dat,1.274671,0.727615,0.251981,22,0.948202
PF08145_rangos.dat,1.137741,0.666851,0.605882,67,0.948470
PF08149_rangos.dat,1.415517,0.743718,0.136611,43,0.966792
PF08153_rangos.dat,0.671898,0.350921,0.574061,58,0.969141
PF08227_rangos.dat,0.690816,0.470706,-0.089815,7,0.904760
PF08242_rangos.dat,1.257042,0.892745,0.013691,14,0.849238
PF08243_rangos.dat,1.456282,0.772454,0.089603,42,0.954965
PF08271_rangos.dat,0.649918,0.345110,0.242518,25,0.846259
PF08389_rangos.dat,0.978329,0.589964,-0.060638,15,0.928292
PF08393_rangos.dat,2.509603,0.940429,0.071228,297,0.974179
PF08426_rangos.dat,1.337483,0.710944,-0.019346,32,0.955637
PF08443_rangos.dat,0.372211,0.236458,0.348505,2,1.000000
PF08511_rangos.dat,1.684352,1.000671,-0.100642,25,0.947819
PF08513_rangos.dat,0.584550,0.447516,0.284750,5,0.884776
PF08537_rangos.dat,1.007550,0.477602,0.048708,40,0.930264
PF08546_rangos.dat,1.393748,0.739603,0.076479,39,0.963441
PF08567_rangos.dat,1.635287,0.840261,0.076994,46,0.959946
PF08613_rangos.dat,0.301030,-0.000000,0.000000,3,-Inf
PF08616_rangos.dat,0.287982,-0.043346,0.043346,2,NaN
PF08644_rangos.dat,1.618530,0.806123,0.150322,66,0.946792
PF08692_rangos.dat,0.469317,0.186135,0.192921,17,0.871811
PF08731_rangos.dat,0.301030,0.000000,-0.000000,6,-Inf
PF08801_rangos.dat,1.954131,0.948781,-0.062806,58,0.950078
PF08911_rangos.dat,0.643399,0.354993,0.482034,39,0.945639
PF09138_rangos.dat,0.533701,0.219507,0.244760,14,0.932344
PF09174_rangos.dat,1.579136,0.756112,0.074308,68,0.952736
PF09324_rangos.dat,0.676024,0.518309,0.609665,7,0.930235
PF09325_rangos.dat,1.109213,0.668897,-0.244446,14,0.932441
PF09359_rangos.dat,1.594712,0.820361,0.111418,55,0.932015
PF09377_rangos.dat,1.593755,0.805412,0.359415,89,0.973767
PF09382_rangos.dat,1.219143,0.610429,0.202735,61,0.937972
PF09402_rangos.dat,2.113355,0.943450,0.065619,111,0.957700
PF09415_rangos.dat,0.982833,0.487825,0.214435,38,0.959364
PF09435_rangos.dat,1.272373,0.710200,0.236397,41,0.945569
PF09597_rangos.dat,1.037944,0.579615,0.307186,35,0.950645
PF09731_rangos.dat,1.313988,0.671482,0.061867,40,0.966111
PF09763_rangos.dat,1.542305,0.773609,-0.011198,45,0.948067
PF09770_rangos.dat,1.911970,0.909813,0.132414,92,0.937125
PF09848_rangos.dat,1.465428,0.727390,0.099604,57,0.949154
PF10193_rangos.dat,1.974570,0.969283,-0.072619,54,0.977262
PF10237_rangos.dat,1.634798,0.771346,0.036378,68,0.954064
PF10247_rangos.dat,0.948702,0.676941,-0.168189,9,0.964113
PF10273_rangos.dat,1.901320,1.082433,-0.161071,29,0.957170
PF10295_rangos.dat,0.702777,0.339302,0.202728,34,0.915588
PF10296_rangos.dat,1.097227,0.539738,0.239096,54,0.972458
PF10304_rangos.dat,1.291394,0.954838,-0.172147,11,0.960980
PF10310_rangos.dat,1.399208,0.698549,0.314853,101,0.934584
PF10334_rangos.dat,0.703258,0.397892,0.045563,13,0.815804
PF10351_rangos.dat,1.945058,0.886504,0.268773,151,0.964313
PF10355_rangos.dat,1.625535,0.860447,-0.086973,35,0.960318
PF10359_rangos.dat,1.939862,0.908101,0.192863,115,0.941336
PF10363_rangos.dat,1.846345,0.910678,-0.100037,49,0.966284
PF10373_rangos.dat,1.716948,0.839670,-0.113654,46,0.947201
PF10375_rangos.dat,1.135965,0.766243,-0.186381,12,0.945988
PF10382_rangos.dat,1.362327,0.749442,0.128420,40,0.876990
PF10396_rangos.dat,2.349218,1.025127,0.171433,156,0.981909
PF10403_rangos.dat,0.657765,0.329568,0.480782,49,0.944267
PF10404_rangos.dat,0.732753,0.332568,0.447368,49,0.980897
PF10419_rangos.dat,0.818726,0.496439,0.093499,13,0.957902
PF10448_rangos.dat,1.086027,0.658433,-0.070472,16,0.954965
PF10466_rangos.dat,0.657773,0.492856,-0.280344,5,0.891389
PF10483_rangos.dat,1.848538,0.907744,0.174776,83,0.951525
PF10487_rangos.dat,1.751801,0.853246,-0.089427,49,0.973763
PF10510_rangos.dat,2.339820,1.001495,-0.110126,101,0.966584
PF10521_rangos.dat,1.442813,0.692100,0.067470,60,0.954847
PF10587_rangos.dat,1.018272,0.606807,0.340788,25,0.966578
PF10780_rangos.dat,1.153098,0.615254,0.289847,38,0.972102
PF11001_rangos.dat,0.854566,0.440873,0.375044,55,0.957248
PF11051_rangos.dat,1.481104,0.781713,0.006072,39,0.909012
PF11326_rangos.dat,1.028533,0.556668,0.300205,52,0.915681
PF11503_rangos.dat,0.588370,0.296071,-0.164817,8,0.755997
PF11640_rangos.dat,1.931881,0.934644,-0.040774,60,0.960326
PF11654_rangos.dat,0.880212,0.573837,0.104207,13,0.910202
PF11718_rangos.dat,1.081746,0.586041,0.474413,95,0.947541
PF11767_rangos.dat,1.279336,0.746691,-0.036823,22,0.944389
PF11861_rangos.dat,1.212495,0.703794,0.525227,78,0.919779
PF11865_rangos.dat,1.678445,0.811591,-0.052310,51,0.968811
PF11942_rangos.dat,0.708233,0.399764,0.497551,52,0.942727
PF11987_rangos.dat,2.101511,0.926909,0.150213,137,0.974451
PF12239_rangos.dat,2.027177,0.933211,-0.033474,76,0.970765
PF12328_rangos.dat,1.252044,0.649862,0.115863,40,0.969986
PF12352_rangos.dat,0.969397,0.951484,-0.379714,5,0.983712
PF12384_rangos.dat,0.301030,-0.000000,0.000000,3,-Inf
PF12537_rangos.dat,0.931261,0.473325,-0.040669,23,0.902382
PF12678_rangos.dat,1.263480,0.749351,-0.227456,17,0.955349
PF12689_rangos.dat,1.281563,0.699369,0.038732,31,0.956483
PF12710_rangos.dat,2.020341,0.968416,-0.138097,55,0.934381
PF12751_rangos.dat,1.043186,0.514450,0.271561,69,0.950972
PF12761_rangos.dat,1.252296,0.701640,0.291750,48,0.920347
PF12829_rangos.dat,0.846773,0.451012,0.266184,40,0.901667
PF12874_rangos.dat,0.519000,0.368781,0.645702,38,0.848659
PF12894_rangos.dat,0.748204,0.390039,-0.078874,14,0.872772
PF13087_rangos.dat,2.165255,1.055139,-0.012405,67,0.953772
PF13207_rangos.dat,2.286399,1.040855,0.127981,109,0.974380
PF13373_rangos.dat,1.290344,0.662019,-0.001385,37,0.914120
PF13401_rangos.dat,1.188980,0.693811,0.120361,25,0.941031
PF13414_rangos.dat,1.026338,1.520175,-0.889246,3,1.000000
PF13415_rangos.dat,1.058226,0.609310,-0.130844,17,0.872379
PF13417_rangos.dat,1.008118,0.528859,0.009891,25,0.916847
PF13422_rangos.dat,0.764060,0.369229,0.136838,35,0.828345
PF13476_rangos.dat,2.333673,1.000756,0.014904,124,0.971789
PF13499_rangos.dat,1.434308,0.813654,-0.023937,27,0.949795
PF13513_rangos.dat,1.234968,0.751284,-0.067324,18,0.974913
PF13537_rangos.dat,1.925736,0.946350,-0.094376,52,0.961671
PF13602_rangos.dat,1.793619,0.942435,-0.032286,43,0.940415
PF13603_rangos.dat,1.385593,0.696853,0.112575,53,0.946238
PF13631_rangos.dat,0.828133,0.670127,0.017387,7,0.796605
PF13634_rangos.dat,1.735012,0.838531,0.133492,85,0.902351
PF13639_rangos.dat,1.331473,0.753669,-0.067372,24,0.971819
PF13691_rangos.dat,0.912375,0.603868,0.011856,12,0.907237
PF13725_rangos.dat,1.533451,0.726283,0.101824,74,0.946665
PF13793_rangos.dat,1.824905,0.849066,0.216781,94,0.952921
PF13805_rangos.dat,1.707891,0.871735,-0.072002,42,0.969040
PF13854_rangos.dat,0.283830,0.023708,0.528767,9,0.898822
PF13855_rangos.dat,0.519954,0.330559,-0.026522,5,0.771191
PF13893_rangos.dat,0.301030,-0.000000,0.000000,1,NaN
PF13894_rangos.dat,1.026982,0.603899,0.366213,36,0.939051
PF13912_rangos.dat,0.806349,0.491068,-0.013190,11,0.891151
PF13945_rangos.dat,0.935196,0.537665,-0.094696,15,0.936890
PF13959_rangos.dat,1.798697,0.891245,0.130253,71,0.962721
PF13964_rangos.dat,0.755907,0.456026,0.058215,12,0.929060
PF14288_rangos.dat,1.125594,0.581165,0.118308,41,0.916022
PF14324_rangos.dat,1.600789,0.740148,0.117751,87,0.961173
PF14492_rangos.dat,1.083312,0.646725,0.365456,33,0.941861
PF14551_rangos.dat,1.851306,0.875592,0.049973,74,0.961839
PF14555_rangos.dat,1.189183,0.668901,0.152328,32,0.906487
PF14617_rangos.dat,0.822115,0.598897,-0.257425,7,0.938097
PF14619_rangos.dat,0.500493,0.225068,0.368811,32,0.938667
PF14639_rangos.dat,0.609679,0.392154,0.138510,8,0.794253
PF14641_rangos.dat,1.354021,0.793986,-0.011739,24,0.958914
PF14691_rangos.dat,1.930613,0.910044,0.031474,77,0.920624
PF14700_rangos.dat,2.094001,0.953805,0.190110,126,0.965192
PF14703_rangos.dat,1.595766,0.777815,0.254704,96,0.954006
PF14716_rangos.dat,1.594622,0.775275,0.108026,68,0.951266
PF14863_rangos.dat,1.017325,0.625160,0.147295,21,0.848492
PF14864_rangos.dat,1.637742,0.856350,-0.005000,42,0.951561
PF15288_rangos.dat,0.485789,0.206274,0.234297,13,0.896440
PF15412_rangos.dat,1.274609,0.737995,0.193232,31,0.937853
PF15613_rangos.dat,1.541130,0.759917,0.005265,50,0.955752
PF15624_rangos.dat,0.853627,0.434481,0.200822,37,0.928915
